18.000 16.500 15.000 13.500 12.000 10.500 9.000 7.500
7.500 8.857 10.214 11.571 12.929 14.286 15.643 17.000
17.000 16.429 15.857 15.286 14.714 14.143 13.571 13.000
13.000 12.714 12.429 12.143 11.857 11.571 11.286 11.000
11.000 12.357 13.714 15.071 16.429 17.786 19.143 20.500
20.500 21.214 21.929 22.643 23.357 24.071 24.786 25.500
25.500 26.214 26.929 27.643 28.357 29.071 29.786 30.500
30.500 31.357 32.214 33.071 33.929 34.786 35.643 36.500
36.500 36.714 36.929 37.143 37.357 37.571 37.786 38.000
38.000 39.929 41.857 43.786 45.714 47.643 49.571 51.500
51.500 52.000 52.500 53.000 53.500 54.000 54.500 55.000
55.000 59.571 64.143 68.714 73.286 77.857 82.429 87.000
87.000 88.071 89.143 90.214 91.286 92.357 93.429 94.500
94.500 93.643 92.786 91.929 91.071 90.214 89.357 88.500
88.500 97.286 106.071 114.857 123.643 132.429 141.214 150.000
150.000 155.643 161.286 166.929 172.571 178.214 183.857 189.500
189.500 185.643 181.786 177.929 174.071 170.214 166.357 162.500
162.500 153.571 144.643 135.714 126.786 117.857 108.929 100.000
100.000 90.429 80.857 71.286 61.714 52.143 42.571 33.000
33.000 33.150 33.300 33.450 33.600 33.750 33.900 34.050
