884.000 886.643 889.286 891.929 894.571 897.214 899.857 902.500
329.000 328.500 328.000 327.500 327.000 326.500 326.000 325.500
902.500 903.714 904.929 906.143 907.357 908.571 909.786 911.000
325.500 324.857 324.214 323.571 322.929 322.286 321.643 321.000
911.000 913.571 916.143 918.714 921.286 923.857 926.429 929.000
321.000 320.357 319.714 319.071 318.429 317.786 317.143 316.500
929.000 931.429 933.857 936.286 938.714 941.143 943.571 946.000
316.500 315.643 314.786 313.929 313.071 312.214 311.357 310.500
946.000 948.357 950.714 953.071 955.429 957.786 960.143 962.500
310.500 310.000 309.500 309.000 308.500 308.000 307.500 307.000
962.500 966.643 970.786 974.929 979.071 983.214 987.357 991.500
307.000 305.786 304.571 303.357 302.143 300.929 299.714 298.500
991.500 994.643 997.786 1000.929 1004.071 1007.214 1010.357 1013.500
298.500 297.643 296.786 295.929 295.071 294.214 293.357 292.500
1013.500 1017.500 1021.500 1025.500 1029.500 1033.500 1037.500 1041.500
292.500 291.000 289.500 288.000 286.500 285.000 283.500 282.000
1041.500 1046.429 1051.357 1056.286 1061.214 1066.143 1071.071 1076.000
282.000 280.929 279.857 278.786 277.714 276.643 275.571 274.500
1076.000 1082.786 1089.571 1096.357 1103.143 1109.929 1116.714 1123.500
274.500 272.571 270.643 268.714 266.786 264.857 262.929 261.000
1123.500 1128.714 1133.929 1139.143 1144.357 1149.571 1154.786 1160.000
261.000 259.929 258.857 257.786 256.714 255.643 254.571 253.500
1160.000 1168.857 1177.714 1186.571 1195.429 1204.286 1213.143 1222.000
253.500 250.571 247.643 244.714 241.786 238.857 235.929 233.000
1222.000 1231.500 1241.000 1250.500 1260.000 1269.500 1279.000 1288.500
233.000 230.000 227.000 224.000 221.000 218.000 215.000 212.000
1288.500 1304.071 1319.643 1335.214 1350.786 1366.357 1381.929 1397.500
212.000 205.071 198.143 191.214 184.286 177.357 170.429 163.500
1397.500 1405.571 1413.643 1421.714 1429.786 1437.857 1445.929 1454.000
163.500 159.143 154.786 150.429 146.071 141.714 137.357 133.000
1454.000 1468.214 1482.429 1496.643 1510.857 1525.071 1539.286 1553.500
133.000 126.286 119.571 112.857 106.143 99.429 92.714 86.000
1553.500 1559.786 1566.071 1572.357 1578.643 1584.929 1591.214 1597.500
86.000 83.857 81.714 79.571 77.429 75.286 73.143 71.000
1597.500 1602.857 1608.214 1613.571 1618.929 1624.286 1629.643 1635.000
71.000 67.857 64.714 61.571 58.429 55.286 52.143 49.000
1635.000 1645.286 1655.571 1665.857 1676.143 1686.429 1696.714 1707.000
49.000 43.929 38.857 33.786 28.714 23.643 18.571 13.500
1707.000 1707.021 1707.043 1707.064 1707.086 1707.107 1707.129 1707.150
13.500 13.521 13.543 13.564 13.586 13.607 13.629 13.650
