172.00 276.00 77.00 42.00
172.15 276.59 77.00 42.00
172.32 278.00 77.00 42.00
172.62 278.08 77.00 42.00
172.21 279.55 77.00 42.00
171.65 281.04 78.54 42.84
172.97 283.17 77.00 42.00
172.78 283.62 77.00 42.00
172.76 286.10 77.00 42.00
172.62 287.47 77.00 42.00
172.64 290.23 77.00 42.00
172.39 291.75 77.00 42.00
172.97 294.61 77.00 42.00
172.70 296.68 77.00 42.00
172.90 299.10 77.00 42.00
172.78 300.73 77.00 42.00
172.80 303.75 77.00 42.00
172.90 306.41 77.00 42.00
172.83 308.50 77.00 42.00
173.08 311.59 77.00 42.00
172.76 314.73 78.54 42.84
173.09 318.20 78.54 42.84
174.35 323.16 77.00 42.00
173.12 325.14 78.54 42.84
173.58 329.94 78.54 42.84
172.29 332.46 81.71 44.57
173.29 336.96 78.54 42.84
174.24 340.43 77.00 42.00
173.95 342.89 77.00 42.00
173.61 346.53 77.00 42.00
173.22 350.32 77.00 42.00
173.62 354.08 77.00 42.00
173.48 356.86 77.00 42.00
173.77 361.09 77.00 42.00
173.94 362.74 77.00 42.00
174.11 367.49 77.00 42.00
175.22 373.56 75.49 41.18
176.11 378.14 75.49 41.18
175.78 382.91 77.00 42.00
175.94 387.49 77.00 42.00
176.19 392.97 77.00 42.00
176.33 398.20 77.00 42.00
176.54 402.17 77.00 42.00
176.24 406.66 77.00 42.00
176.65 410.39 77.00 42.00
176.47 413.73 77.00 42.00
176.86 418.39 77.00 42.00
176.71 423.26 77.00 42.00
177.46 428.42 75.49 41.18
177.63 432.51 75.49 41.18
177.78 438.40 75.49 41.18
177.86 444.19 75.49 41.18
178.00 449.61 75.49 41.18
178.30 454.70 75.49 41.18
178.07 460.27 75.49 41.18
178.32 466.32 75.49 41.18
178.21 472.39 75.49 41.18
178.55 478.97 75.49 41.18
178.54 485.15 75.49 41.18
178.52 491.49 75.49 41.18
178.53 497.53 75.49 41.18
178.60 504.41 75.49 41.18
178.75 512.26 75.49 41.18
178.97 519.01 75.49 41.18
179.13 526.12 75.49 41.18
179.26 533.12 75.49 41.18
178.65 540.64 75.49 41.18
179.00 546.69 75.49 41.18
178.67 554.13 77.00 42.00
178.62 560.24 77.00 42.00
179.10 567.87 75.49 41.18
179.92 575.75 75.49 41.18
179.15 582.48 77.00 42.00
179.20 590.04 77.00 42.00
178.89 596.21 78.54 42.84
178.92 604.94 78.54 42.84
179.91 612.94 77.00 42.00
180.96 620.91 75.49 41.18
181.80 628.72 75.49 41.18
182.64 637.48 75.49 41.18
183.32 646.18 75.49 41.18
183.63 655.26 75.49 41.18
184.13 664.62 75.49 41.18
184.85 673.65 75.49 41.18
185.11 683.14 75.49 41.18
185.51 693.08 75.49 41.18
185.24 702.56 75.49 41.18
185.78 711.91 75.49 41.18
185.62 721.82 75.49 41.18
185.47 731.12 75.49 41.18
185.32 740.76 75.49 41.18
185.37 749.78 75.49 41.18
185.51 758.70 75.49 41.18
185.57 767.02 75.49 41.18
185.72 775.33 75.49 41.18
185.95 784.40 75.49 41.18
186.06 792.73 75.49 41.18
186.95 801.25 74.01 40.37
186.63 809.72 75.49 41.18
186.97 819.24 74.01 40.37
186.83 825.25 74.01 40.37
185.32 831.01 75.49 41.18
184.69 836.35 75.49 41.18
183.88 836.61 75.49 41.18
182.99 834.25 75.49 41.18
182.66 833.27 75.49 41.18
182.05 831.34 75.49 41.18
181.94 829.76 75.49 41.18
180.98 826.86 75.49 41.18
180.99 825.39 75.49 41.18
180.05 824.14 75.49 41.18
179.82 821.95 75.49 41.18
178.62 819.96 75.49 41.18
178.01 817.77 75.49 41.18
177.87 815.95 75.49 41.18
176.91 814.47 75.49 41.18
175.86 812.03 75.49 41.18
175.59 810.80 75.49 41.18
175.64 809.38 74.01 40.37
175.43 807.52 74.01 40.37
174.63 806.11 74.01 40.37
174.38 804.28 74.01 40.37
173.31 802.95 74.01 40.37
172.74 801.47 74.01 40.37
172.41 800.88 74.01 40.37
171.61 799.27 74.01 40.37
171.08 798.82 74.01 40.37
169.96 798.18 74.01 40.37
170.06 797.66 74.01 40.37
168.66 796.99 74.01 40.37
168.48 796.35 74.01 40.37
167.44 795.92 74.01 40.37
166.90 795.54 74.01 40.37
166.80 796.11 74.01 40.37
166.03 795.84 74.01 40.37
164.71 795.48 74.01 40.37
164.95 796.69 74.01 40.37
164.37 796.79 74.01 40.37
163.13 797.15 74.01 40.37
162.31 797.00 74.01 40.37
161.95 797.26 74.01 40.37
162.75 798.30 72.56 39.58
160.37 797.96 74.01 40.37
160.17 798.47 74.01 40.37
159.36 799.75 74.01 40.37
158.95 800.53 74.01 40.37
158.94 800.80 74.01 40.37
158.40 801.40 74.01 40.37
157.24 801.24 74.01 40.37
156.62 801.34 74.01 40.37
156.58 801.86 74.01 40.37
156.22 801.99 74.01 40.37
155.28 802.53 74.01 40.37
154.99 803.91 74.01 40.37
155.08 804.76 74.01 40.37
153.27 807.45 74.01 40.37
153.37 804.99 74.01 40.37
152.65 806.87 74.01 40.37
152.06 811.91 74.01 40.37
150.72 815.28 74.01 40.37
150.72 818.37 74.01 40.37
150.03 821.19 74.01 40.37
148.56 822.39 74.01 40.37
148.95 823.17 74.01 40.37
149.06 823.39 74.01 40.37
147.59 823.68 74.01 40.37
147.59 823.44 74.01 40.37
147.11 822.87 74.01 40.37
146.30 821.85 74.01 40.37
145.98 821.06 74.01 40.37
146.43 820.71 74.01 40.37
146.27 820.92 74.01 40.37
146.22 819.93 74.01 40.37
146.33 819.55 74.01 40.37
146.71 819.78 74.01 40.37
147.27 819.83 74.01 40.37
