155.00 284.00 20.00 37.00
155.06 285.43 20.00 37.00
155.16 287.23 20.00 37.00
155.24 288.93 20.00 37.00
155.27 290.35 20.00 37.00
155.31 292.43 20.00 37.00
155.31 293.94 20.00 37.00
155.56 294.86 20.00 37.00
155.68 296.60 20.40 37.74
156.21 298.72 20.40 37.74
156.27 300.69 20.00 37.00
156.18 302.48 20.00 37.00
156.20 305.61 20.00 37.00
156.39 307.66 20.00 37.00
156.64 310.02 20.00 37.00
157.05 312.50 20.00 37.00
156.84 315.10 20.00 37.00
157.69 317.75 20.00 37.00
158.62 311.06 20.00 37.00
156.87 324.75 20.40 37.74
158.39 310.55 20.81 38.49
156.95 332.32 20.40 37.74
156.75 335.25 20.40 37.74
156.78 339.87 20.00 37.00
156.94 343.76 20.00 37.00
156.96 347.68 20.00 37.00
156.87 351.13 20.40 37.74
156.82 357.02 20.00 37.00
157.45 360.61 20.00 37.00
157.32 364.58 20.00 37.00
157.20 369.31 20.00 37.00
157.17 374.63 20.00 37.00
157.06 378.82 20.00 37.00
157.02 384.40 20.00 37.00
157.08 389.76 20.00 37.00
157.17 394.84 20.00 37.00
157.40 400.26 20.00 37.00
157.35 406.17 20.00 37.00
157.60 411.58 20.00 37.00
157.75 416.56 20.00 37.00
158.05 422.27 20.00 37.00
157.72 428.69 20.00 37.00
158.13 434.34 20.00 37.00
157.89 441.18 20.00 37.00
158.82 447.31 20.00 37.00
158.65 453.81 20.00 37.00
158.75 459.74 20.00 37.00
158.88 466.25 20.00 37.00
159.14 473.34 20.00 37.00
158.71 479.99 20.00 37.00
159.16 486.97 20.00 37.00
158.99 494.16 19.61 36.27
159.68 501.73 19.61 36.27
159.33 509.38 20.00 37.00
159.36 517.21 20.00 37.00
159.48 524.96 20.00 37.00
159.74 532.09 20.00 37.00
160.04 540.06 20.00 37.00
159.37 549.14 20.00 37.00
159.79 557.21 20.00 37.00
160.49 564.28 20.00 37.00
160.00 573.33 20.00 37.00
159.69 582.10 20.00 37.00
160.42 590.97 20.00 37.00
160.36 599.62 20.00 37.00
160.28 607.76 20.00 37.00
160.17 617.59 20.00 37.00
160.65 626.70 19.61 36.27
160.87 637.22 19.61 36.27
161.19 644.87 19.61 36.27
161.76 653.83 19.61 36.27
161.11 664.56 19.61 36.27
161.59 673.68 19.61 36.27
161.50 682.79 19.61 36.27
161.28 692.27 20.00 37.00
161.38 701.64 20.00 37.00
161.82 710.83 20.00 37.00
162.19 720.88 20.00 37.00
161.67 730.62 20.00 37.00
162.68 738.07 20.00 37.00
163.05 749.01 20.00 37.00
162.42 758.19 20.00 37.00
162.54 768.14 20.00 37.00
163.14 777.94 20.00 37.00
162.85 787.94 20.00 37.00
163.61 798.50 20.00 37.00
163.69 809.09 20.00 37.00
164.02 819.63 20.00 37.00
163.51 829.64 20.00 37.00
164.02 839.56 20.00 37.00
163.41 846.77 20.00 37.00
163.69 849.56 20.00 37.00
164.64 851.29 20.00 37.00
164.93 851.98 20.00 37.00
165.49 850.98 20.00 37.00
165.49 848.26 20.00 37.00
165.44 845.70 20.00 37.00
164.99 841.64 20.00 37.00
165.98 837.70 20.00 37.00
166.76 833.56 20.00 37.00
167.23 828.71 20.00 37.00
167.55 824.46 20.00 37.00
168.51 821.71 20.00 37.00
169.36 817.53 20.00 37.00
170.04 813.93 20.00 37.00
170.43 811.04 20.00 37.00
171.74 808.52 20.00 37.00
172.58 804.91 20.00 37.00
173.17 802.88 20.00 37.00
173.62 800.25 20.00 37.00
174.66 798.19 20.00 37.00
175.23 796.10 20.00 37.00
175.54 793.40 20.00 37.00
176.48 792.10 20.00 37.00
176.96 789.75 20.00 37.00
178.05 787.43 20.00 37.00
177.92 786.21 20.00 37.00
179.20 784.30 20.00 37.00
179.36 783.18 20.00 37.00
180.11 781.69 20.00 37.00
180.70 779.92 20.00 37.00
182.03 779.10 20.00 37.00
182.22 778.58 20.00 37.00
182.61 777.15 20.00 37.00
183.42 777.18 20.00 37.00
184.15 776.47 20.00 37.00
184.35 776.34 20.00 37.00
185.14 776.10 20.00 37.00
185.60 775.65 20.00 37.00
186.42 775.20 20.00 37.00
186.64 775.52 20.00 37.00
187.25 775.76 20.00 37.00
187.56 775.77 20.00 37.00
188.40 776.50 20.00 37.00
188.60 777.59 20.00 37.00
189.11 777.77 20.00 37.00
187.71 795.60 20.00 37.00
189.12 795.43 20.00 37.00
189.57 796.29 19.61 36.27
189.97 795.98 19.61 36.27
191.00 795.17 19.61 36.27
192.27 795.04 19.61 36.27
192.66 795.39 19.61 36.27
194.20 795.86 19.61 36.27
194.16 796.40 19.61 36.27
195.98 798.18 19.61 36.27
186.76 802.07 19.61 36.27
187.51 802.35 19.61 36.27
187.95 803.06 19.61 36.27
188.71 803.46 19.61 36.27
189.04 804.22 19.61 36.27
189.86 804.62 19.61 36.27
