167.00 324.00 27.00 50.00
167.16 326.59 27.00 50.00
166.69 329.46 27.54 51.00
166.80 333.55 27.00 50.00
167.88 338.85 25.44 47.12
168.10 342.50 25.95 48.06
168.83 347.54 25.44 47.12
170.08 351.37 24.94 46.19
166.00 365.00 31.00 39.00
166.10 369.21 31.00 39.00
166.34 374.13 31.00 39.00
166.37 377.85 31.62 39.78
165.89 382.49 31.00 39.00
164.82 387.13 31.00 39.00
164.24 391.46 31.00 39.00
164.25 396.56 31.00 39.00
164.65 400.80 31.00 39.00
163.26 404.85 32.25 40.58
163.56 408.77 33.56 42.21
163.37 414.88 33.56 42.21
163.31 419.97 33.56 42.21
162.73 424.13 34.23 43.06
163.25 429.27 34.23 43.06
162.15 434.61 34.91 43.92
166.00 440.00 31.00 60.00
166.45 446.11 30.39 58.82
167.17 453.27 28.64 55.43
167.27 459.47 28.08 54.34
167.75 465.96 27.53 53.28
168.44 472.06 26.46 51.21
167.91 477.23 27.53 53.28
168.73 485.68 25.94 50.21
162.00 491.00 38.00 61.00
162.28 497.57 38.00 61.00
162.83 504.46 37.25 59.80
163.43 511.92 36.52 58.63
163.38 518.13 37.25 59.80
162.58 524.73 38.00 61.00
162.47 531.47 38.76 62.22
162.60 538.47 39.54 63.46
162.10 545.01 40.33 64.73
162.71 554.77 39.54 63.46
163.10 563.75 38.76 62.22
153.08 565.69 38.76 62.22
153.61 569.31 38.00 61.00
166.78 573.63 36.52 58.63
189.92 572.73 33.74 54.17
191.70 570.27 33.74 54.17
167.00 612.00 31.00 38.00
167.46 621.42 30.39 37.25
168.62 630.98 29.21 35.81
168.46 640.63 29.80 36.52
168.32 648.57 30.39 37.25
168.43 657.81 31.00 38.00
169.28 667.68 31.62 38.76
167.79 675.66 31.62 38.76
167.00 681.00 31.00 37.00
167.34 690.13 31.00 37.00
167.71 699.23 31.00 37.00
166.48 707.81 32.25 38.49
167.18 717.79 32.25 38.49
167.07 727.51 31.62 37.74
166.63 737.02 32.90 39.26
164.52 746.21 33.56 40.05
169.00 741.00 32.00 46.00
168.74 750.66 32.00 46.00
168.59 760.18 32.64 46.92
168.50 769.88 32.64 46.92
167.93 778.73 32.64 46.92
168.09 789.67 32.00 46.00
167.13 800.77 33.29 47.86
165.75 804.98 34.64 49.79
160.00 804.00 38.00 56.00
156.95 803.19 38.76 57.12
154.87 803.58 39.54 58.26
155.61 801.80 39.54 58.26
152.49 797.72 40.33 59.43
155.60 797.60 40.33 59.43
160.64 800.91 40.33 59.43
188.41 801.05 40.33 59.43
131.00 817.00 60.00 30.00
129.57 814.36 60.00 30.00
126.14 811.43 62.42 31.21
123.12 807.72 61.20 30.60
118.80 804.07 64.95 32.47
112.54 801.33 68.92 34.46
109.26 801.20 67.57 33.78
107.38 796.44 67.57 33.78
123.00 794.00 39.00 57.00
119.23 789.78 43.06 62.93
117.34 787.94 44.80 65.48
115.08 788.39 43.06 62.93
113.11 788.25 41.39 60.49
110.77 785.01 41.39 60.49
106.74 781.39 43.06 62.93
103.96 781.40 43.92 64.19
108.00 785.00 44.00 50.00
106.62 784.16 44.00 50.00
104.89 782.98 44.88 51.00
103.57 783.79 43.14 49.02
101.17 782.02 43.14 49.02
98.08 781.52 43.14 49.02
95.15 780.02 44.00 50.00
92.63 780.10 43.14 49.02
96.00 782.00 46.00 43.00
94.96 782.27 46.00 43.00
94.03 782.35 46.00 43.00
92.13 782.74 44.21 41.33
88.77 781.36 46.00 43.00
86.23 781.55 46.00 43.00
84.04 781.61 45.10 42.16
83.57 783.60 45.10 42.16
79.00 785.00 58.00 33.00
77.44 784.83 59.16 33.66
76.34 785.35 59.16 33.66
75.69 785.35 59.16 33.66
74.05 784.66 61.55 35.02
72.87 786.43 59.16 33.66
76.89 783.68 60.34 34.33
77.39 783.67 59.16 33.66
61.00 791.00 58.00 27.00
60.45 792.35 56.86 26.47
57.61 793.69 58.00 27.00
56.40 794.98 58.00 27.00
53.70 797.47 58.00 27.00
52.06 799.96 59.16 27.54
49.95 801.07 58.00 27.00
50.06 804.09 56.86 26.47
54.00 789.00 41.00 42.00
53.70 790.06 40.20 41.18
52.40 793.13 40.20 41.18
50.52 793.67 42.66 43.70
51.79 794.18 41.00 42.00
53.65 792.74 37.88 38.80
48.07 800.38 36.41 37.29
47.45 800.41 36.41 37.29
40.00 794.00 35.00 46.00
39.47 793.29 35.00 46.00
39.40 792.69 35.00 46.00
38.34 791.70 35.70 46.92
36.12 788.54 37.14 48.82
35.59 786.66 38.64 50.79
34.20 782.30 40.20 52.84
32.41 781.15 41.83 54.97
31.10 777.46 43.52 57.20
31.37 775.63 45.28 59.51
30.14 772.60 45.28 59.51
31.83 772.86 44.39 58.34
30.73 770.66 44.39 58.34
35.39 783.72 45.28 59.51
33.98 782.46 46.18 60.70
33.79 780.32 47.11 61.91
31.94 768.43 48.05 63.15
32.19 768.06 47.11 61.91
31.88 766.30 47.11 61.91
31.28 765.79 48.05 63.15
31.04 765.06 48.05 63.15
30.41 764.62 49.01 64.41
31.19 766.32 47.11 61.91
30.02 765.17 48.05 63.15
26.00 778.00 38.00 46.00
26.88 780.16 36.52 44.21
26.98 780.71 37.25 45.10
26.63 780.23 38.00 46.00
26.96 780.61 37.25 45.10
26.76 781.22 37.25 45.10
26.40 782.10 37.25 45.10
26.60 782.97 36.52 44.21
26.00 799.00 40.00 30.00
25.42 800.02 40.80 30.60
26.51 801.04 40.00 30.00
26.34 801.74 40.00 30.00
26.47 803.99 40.00 30.00
25.76 804.74 40.80 30.60
26.42 804.68 39.22 29.41
25.16 805.42 40.00 30.00
18.00 813.00 38.00 26.00
17.99 813.05 38.00 26.00
18.82 812.88 37.25 25.49
18.43 813.16 35.81 24.50
19.31 813.06 34.42 23.55
19.86 812.27 33.74 23.09
19.20 810.69 33.08 22.63
19.09 809.01 33.08 22.63
17.00 806.00 35.00 26.00
17.00 805.47 35.00 26.00
16.39 805.03 35.70 26.52
16.32 804.79 35.00 26.00
16.37 804.66 35.00 26.00
16.36 804.37 35.00 26.00
16.06 803.94 35.00 26.00
15.29 804.30 35.00 26.00
15.95 804.40 33.64 24.99
14.75 803.96 35.00 26.00
13.97 804.69 35.00 26.00
14.37 804.90 34.31 25.49
13.76 804.92 35.00 26.00
12.50 805.82 35.70 26.52
12.91 805.84 35.00 26.00
12.62 806.99 35.00 26.00
11.59 807.71 35.70 26.52
11.62 808.14 35.70 26.52
11.31 808.57 35.70 26.52
10.28 809.61 36.41 27.05
9.97 809.93 35.70 26.52
10.26 811.16 35.70 26.52
9.61 811.73 35.70 26.52
9.69 813.29 35.00 26.00
