152.00 276.00 49.00 93.00
153.19 279.11 47.10 89.39
154.08 281.75 46.17 87.64
152.86 281.33 47.10 89.39
153.34 280.82 47.10 89.39
153.73 279.37 47.10 89.39
154.45 281.38 44.38 84.23
154.58 282.17 43.51 82.58
154.00 294.00 44.00 100.00
153.25 293.40 45.78 104.04
153.86 296.47 44.88 102.00
153.62 298.48 44.88 102.00
155.05 299.15 41.46 94.23
155.09 299.29 41.46 94.23
155.37 300.44 40.65 92.38
155.32 300.38 40.65 92.38
155.00 323.00 46.00 104.00
154.80 324.67 46.92 106.08
155.46 329.26 46.00 104.00
155.16 332.15 47.86 108.20
154.16 335.94 48.82 110.37
154.20 339.52 49.79 112.57
154.20 345.19 49.79 112.57
154.01 350.32 49.79 112.57
154.69 355.46 49.79 112.57
154.91 360.78 49.79 112.57
154.48 363.49 50.79 114.82
154.33 366.24 51.80 117.12
153.45 369.50 52.84 119.46
155.09 373.73 51.80 117.12
156.77 383.43 48.82 110.37
156.81 392.59 46.92 106.08
156.74 398.52 47.86 108.20
157.11 403.86 47.86 108.20
157.78 411.68 46.00 104.00
157.76 416.56 46.92 106.08
157.20 420.82 47.86 108.20
157.64 427.66 46.92 106.08
158.20 434.63 46.00 104.00
158.90 442.06 45.10 101.96
157.00 461.00 44.00 79.00
157.26 468.67 44.00 79.00
157.97 476.72 43.14 77.45
157.66 482.15 45.78 82.19
158.03 494.25 44.88 80.58
158.44 503.13 44.88 80.58
159.62 513.44 43.14 77.45
159.45 521.58 43.14 77.45
159.00 533.00 44.00 48.00
159.08 540.93 44.00 48.00
158.98 552.40 44.00 48.00
160.16 560.98 44.00 48.00
159.75 571.90 44.00 48.00
160.08 580.68 44.00 48.00
159.36 590.13 44.88 48.96
160.55 600.49 44.88 48.96
164.00 604.00 43.00 44.00
164.04 612.64 43.00 44.00
164.18 622.63 43.00 44.00
164.12 631.79 44.74 45.78
165.12 643.59 43.86 44.88
164.99 654.45 43.86 44.88
165.88 666.00 43.86 44.88
165.60 675.42 44.74 45.78
161.00 657.00 43.00 68.00
161.28 665.63 43.00 68.00
161.49 675.03 43.00 68.00
162.26 684.39 42.16 66.67
161.41 692.27 43.00 68.00
162.19 700.78 42.16 66.67
161.21 707.79 43.00 68.00
161.31 716.65 43.00 68.00
161.00 720.00 47.00 92.00
161.31 729.90 47.00 92.00
161.66 739.99 47.00 92.00
160.53 747.72 48.90 95.72
160.92 757.32 48.90 95.72
160.79 766.62 48.90 95.72
160.53 774.70 48.90 95.72
161.79 783.01 47.00 92.00
162.84 790.06 45.17 88.43
163.03 797.18 46.08 90.20
162.99 803.20 46.08 90.20
163.75 811.99 46.08 90.20
162.49 808.41 49.88 97.63
161.61 809.68 50.87 99.58
160.28 810.46 51.89 101.58
160.30 809.82 51.89 101.58
