147.00 269.00 110.00 83.00
146.28 269.77 110.00 83.00
147.57 271.50 105.73 79.78
142.17 269.16 112.20 84.66
140.60 268.43 114.44 86.35
140.06 268.68 114.44 86.35
137.37 268.52 116.73 88.08
136.68 268.31 116.73 88.08
151.00 283.00 97.00 94.00
148.64 282.84 98.94 95.88
142.49 280.22 107.10 103.78
137.68 277.70 113.65 110.14
140.13 283.21 105.00 101.75
138.54 281.28 107.10 103.78
139.33 283.77 97.00 94.00
131.01 280.46 107.10 103.78
158.00 301.00 74.00 102.00
156.59 301.97 74.00 102.00
152.83 300.58 78.53 108.24
150.24 300.65 80.10 110.41
148.33 300.31 81.70 112.62
145.74 299.19 83.34 114.87
143.95 298.70 83.34 114.87
143.20 299.06 81.70 112.62
160.00 316.00 68.00 123.00
156.11 312.61 73.61 133.14
155.63 313.61 75.08 135.80
157.00 321.25 69.36 125.46
156.69 321.71 68.00 123.00
157.28 323.96 62.82 113.63
154.81 322.69 62.82 113.63
152.96 322.76 62.82 113.63
160.00 346.00 59.00 127.00
159.14 346.81 60.18 129.54
156.74 347.43 62.61 134.77
155.32 348.79 63.86 137.47
154.03 350.74 65.14 140.22
156.72 365.41 62.61 134.77
155.37 370.55 63.86 137.47
154.87 375.44 65.14 140.22
152.48 344.84 63.86 137.47
151.96 345.62 62.61 134.77
152.04 348.34 60.18 129.54
153.26 347.33 59.00 127.00
155.04 347.49 59.00 127.00
158.61 349.45 57.84 124.51
158.37 350.09 57.84 124.51
157.15 351.75 60.18 129.54
159.00 426.00 49.00 143.00
158.85 431.12 49.00 143.00
158.18 434.55 49.98 145.86
157.05 437.66 52.00 151.75
158.12 447.78 50.98 148.78
158.23 458.84 49.98 145.86
157.77 466.89 49.00 143.00
159.03 472.97 49.00 143.00
151.00 482.00 59.00 132.00
151.50 484.10 60.18 134.64
152.55 484.39 62.61 140.08
157.70 486.87 56.71 126.87
158.64 487.53 56.71 126.87
162.80 487.29 56.71 126.87
154.39 525.36 57.84 129.41
154.84 532.12 57.84 129.41
135.00 540.00 82.00 144.00
132.74 538.23 88.76 155.87
135.86 547.50 83.64 146.88
138.23 538.84 87.02 152.81
139.93 539.10 87.02 152.81
140.07 538.12 88.76 155.87
138.22 538.14 90.53 158.99
136.83 538.34 90.53 158.99
125.00 617.00 94.00 124.00
125.01 623.09 94.00 124.00
124.84 631.89 94.00 124.00
125.01 642.34 94.00 124.00
121.99 648.84 95.88 126.48
124.49 660.81 92.16 121.57
123.14 670.49 90.35 119.18
121.81 678.34 92.16 121.57
120.00 698.00 99.00 111.00
119.26 704.94 100.98 113.22
116.79 710.85 107.16 120.15
115.93 718.65 109.30 122.55
117.99 729.27 107.16 120.15
118.24 739.61 105.06 117.79
112.49 759.19 105.06 117.79
117.00 758.25 105.06 117.79
114.00 785.00 125.00 80.00
121.84 789.50 120.15 76.89
125.25 798.24 115.48 73.91
133.11 806.79 115.48 73.91
130.77 809.20 115.48 73.91
134.21 810.30 115.48 73.91
145.59 814.55 108.82 69.64
151.92 817.05 106.69 68.28
117.00 827.00 153.00 37.00
123.10 828.79 144.18 34.87
119.04 826.37 150.00 36.27
118.63 825.37 150.00 36.27
118.46 823.13 153.00 37.00
118.95 822.58 153.00 37.00
119.02 819.70 153.00 37.00
117.91 819.35 156.06 37.74
119.76 819.10 153.00 37.00
116.51 817.30 159.18 38.49
115.49 816.48 162.36 39.26
115.60 813.38 162.36 39.26
116.63 814.13 162.36 39.26
117.12 814.30 162.36 39.26
118.27 813.90 162.36 39.26
118.62 813.16 162.36 39.26
122.65 813.84 156.06 37.74
125.01 814.51 153.00 37.00
124.79 813.45 153.00 37.00
125.35 814.15 153.00 37.00
125.83 814.40 153.00 37.00
125.69 814.87 153.00 37.00
125.90 814.95 153.00 37.00
125.40 815.15 153.00 37.00
129.36 815.80 150.00 36.27
126.76 816.19 153.00 37.00
125.51 816.46 156.06 37.74
125.46 817.04 156.06 37.74
128.54 818.15 153.00 37.00
123.98 818.13 159.18 38.49
121.99 818.40 162.36 39.26
121.89 818.87 162.36 39.26
119.48 819.18 165.61 40.05
119.90 820.06 165.61 40.05
123.38 821.22 162.36 39.26
126.29 822.07 159.18 38.49
127.43 821.89 159.18 38.49
126.36 821.85 159.18 38.49
127.16 822.26 159.18 38.49
126.78 822.83 159.18 38.49
127.71 823.16 156.06 37.74
127.40 822.59 159.18 38.49
129.52 823.57 156.06 37.74
129.00 823.30 156.06 37.74
126.92 821.84 159.18 38.49
127.30 821.64 159.18 38.49
128.20 822.07 159.18 38.49
127.42 820.68 159.18 38.49
