159.00 287.00 57.00 27.00
159.23 287.46 55.88 26.47
158.16 287.43 57.00 27.00
158.57 288.12 57.00 27.00
157.96 288.34 57.00 27.00
158.83 289.09 55.88 26.47
160.06 289.38 53.71 25.44
159.60 289.28 54.79 25.95
161.00 289.00 56.00 35.00
161.23 289.72 54.90 34.31
161.22 291.02 56.00 35.00
160.46 291.31 56.00 35.00
161.46 294.10 53.83 33.64
161.39 297.08 53.83 33.64
162.32 299.74 51.74 32.33
160.80 300.56 52.77 32.98
159.00 296.00 50.00 42.00
157.99 296.50 51.00 42.84
158.25 299.17 52.02 43.70
158.31 300.98 51.00 42.84
158.34 303.35 52.02 43.70
157.65 305.59 52.02 43.70
157.13 307.81 52.02 43.70
158.49 309.93 50.00 42.00
157.00 311.00 54.00 51.00
158.18 314.07 49.89 47.12
157.43 316.36 48.91 46.19
153.49 312.97 48.91 46.19
152.09 313.18 48.91 46.19
151.03 314.30 47.95 45.29
149.13 314.49 47.95 45.29
148.90 315.17 47.01 44.40
156.00 329.00 46.00 54.00
155.26 330.16 46.92 55.08
155.26 331.78 46.92 55.08
154.63 332.06 46.92 55.08
153.89 334.23 46.00 54.00
153.90 335.44 46.00 54.00
154.30 339.58 46.00 54.00
154.59 345.11 45.10 52.94
171.00 360.00 21.00 55.00
170.99 364.14 21.00 55.00
170.70 368.76 21.00 55.00
170.17 372.67 21.00 55.00
170.17 377.18 21.00 55.00
170.20 382.32 21.00 55.00
169.67 385.95 21.85 57.22
169.58 390.54 22.29 58.37
168.47 394.45 22.73 59.53
168.80 399.47 22.29 58.37
168.78 404.74 21.85 57.22
169.31 409.62 21.85 57.22
169.07 414.39 21.42 56.10
175.29 423.57 21.85 57.22
175.70 429.49 21.85 57.22
176.60 435.36 21.85 57.22
160.00 443.00 35.00 50.00
160.73 448.92 35.00 50.00
160.15 455.54 35.70 51.00
161.32 461.72 35.00 50.00
160.53 468.09 35.70 51.00
161.71 475.65 35.00 50.00
161.29 482.07 34.31 49.02
161.97 488.96 34.31 49.02
148.00 497.00 52.00 50.00
148.29 503.91 50.98 49.02
150.37 512.45 48.04 46.19
151.06 519.56 46.17 44.40
150.79 526.00 48.04 46.19
149.79 532.31 49.00 47.12
149.12 541.26 48.04 46.19
149.54 547.75 48.04 46.19
148.63 555.84 49.00 47.12
147.69 562.59 50.98 49.02
146.93 571.22 50.98 49.02
147.13 578.37 50.98 49.02
148.83 588.44 50.98 49.02
145.85 595.80 52.00 50.00
146.81 604.79 50.98 49.02
145.39 612.50 52.00 50.00
143.00 615.00 52.00 35.00
142.99 623.05 52.00 35.00
144.20 631.59 49.98 33.64
143.80 640.23 48.04 32.33
144.11 648.29 47.10 31.70
142.86 656.74 48.04 32.33
141.42 665.43 49.00 32.98
142.40 675.38 49.98 33.64
140.21 682.63 49.98 33.64
137.83 691.80 50.98 34.31
136.48 700.90 50.98 34.31
134.57 708.86 50.98 34.31
132.69 716.82 49.98 33.64
129.72 724.31 50.98 34.31
130.95 734.58 52.00 35.00
129.38 743.43 49.98 33.64
143.00 752.00 52.00 44.00
142.57 761.28 52.00 44.00
142.61 770.92 52.00 44.00
143.10 781.18 52.00 44.00
142.68 790.35 50.98 43.14
142.21 800.85 52.00 44.00
142.01 808.98 52.00 44.00
141.76 815.39 52.00 44.00
140.17 818.27 50.98 43.14
139.06 818.20 50.98 43.14
137.30 814.97 52.00 44.00
135.81 811.06 54.10 45.78
136.95 809.80 53.04 44.88
137.48 807.20 53.04 44.88
138.42 806.41 52.00 44.00
138.70 804.53 52.00 44.00
136.00 813.00 53.00 32.00
137.63 812.63 50.94 30.76
137.06 810.43 53.00 32.00
137.53 809.47 53.00 32.00
137.38 808.11 53.00 32.00
137.63 805.43 55.14 33.29
136.75 804.64 56.24 33.96
136.99 803.57 56.24 33.96
137.28 802.72 55.14 33.29
138.50 801.80 56.24 33.96
137.92 800.85 56.24 33.96
137.83 800.10 56.24 33.96
138.77 799.13 56.24 33.96
139.85 798.86 55.14 33.29
139.34 798.12 57.37 34.64
138.84 797.57 56.24 33.96
148.00 784.00 52.00 45.00
148.26 783.86 52.00 45.00
148.83 783.53 52.00 45.00
149.74 782.98 52.00 45.00
150.16 783.34 52.00 45.00
150.57 784.05 50.98 44.12
151.43 784.20 49.98 43.25
151.56 784.55 50.98 44.12
150.00 778.00 48.00 47.00
150.88 778.65 47.06 46.08
150.85 778.14 48.96 47.94
151.77 778.56 48.00 47.00
152.51 778.80 48.00 47.00
153.32 780.21 47.06 46.08
153.55 780.13 48.00 47.00
154.69 781.94 46.14 45.17
155.17 782.32 47.06 46.08
155.36 782.73 46.14 45.17
155.51 782.97 47.06 46.08
153.73 782.98 49.94 48.90
153.59 783.50 51.96 50.87
154.68 786.47 49.94 48.90
155.05 787.54 48.96 47.94
155.21 787.85 49.94 48.90
153.70 790.21 49.94 48.90
153.38 778.26 49.94 48.90
153.97 779.30 48.96 47.94
155.25 779.82 48.00 47.00
157.07 781.28 47.06 46.08
158.20 781.35 47.06 46.08
158.54 781.65 47.06 46.08
158.25 781.71 47.06 46.08
164.00 792.00 38.00 55.00
164.26 791.99 38.00 55.00
162.97 788.88 41.96 60.72
164.05 788.30 41.96 60.72
163.86 787.95 41.96 60.72
164.40 787.54 41.96 60.72
164.47 787.40 41.96 60.72
164.77 787.23 41.96 60.72
165.55 787.38 41.13 59.53
166.45 788.24 39.54 57.22
165.38 787.24 41.96 60.72
166.19 787.21 41.13 59.53
166.56 787.37 41.13 59.53
166.11 786.48 41.96 60.72
166.62 787.18 41.13 59.53
167.48 788.16 40.33 58.37
167.61 787.70 41.13 59.53
167.94 787.78 41.13 59.53
169.10 789.13 39.54 57.22
170.29 790.57 38.76 56.10
169.59 790.34 39.54 57.22
170.64 791.48 38.76 56.10
171.01 791.75 38.00 55.00
170.73 791.71 38.00 55.00
